 -0.108825  0.430384  0.597511  1.000000  0.860820  0.016984  0.122196  1.000000
 -0.178548 -0.620636 -0.537977  1.000000  0.974678  0.014319  0.011003  1.000000
 -0.003511 -1.128220  1.254858  1.000000  0.819229  0.015430  0.165342  1.000000
 -0.074615  0.573508  0.038493  1.000000  0.916570  0.021281  0.062148  1.000000
 -2.109963  0.087731  0.937964  1.000000  0.993242  0.000047  0.006712  1.000000
 -2.760026  1.221129  0.499426  1.000000  0.997683  0.000008  0.002309  1.000000
 -0.569978 -0.338916 -0.113698  1.000000  0.981767  0.004876  0.013357  1.000000
 -0.592079  1.852017 -0.264606  1.000000  0.952027  0.005236  0.042737  1.000000
  0.557778  0.416220 -1.170661  1.000000  0.869477  0.109585  0.020937  1.000000
  0.542515  1.072722  1.695498  1.000000  0.218899  0.022163  0.758938  3.000000
 -0.215231  0.080744 -1.284924  1.000000  0.982916  0.012551  0.004533  1.000000
 -0.961355 -0.884044  2.406957  1.000000  0.788030  0.000586  0.211384  1.000000
 -1.179141  2.740407  0.152212  1.000000  0.933890  0.000901  0.065209  1.000000
 -1.031380 -0.690950 -0.576468  1.000000  0.996347  0.001181  0.002472  1.000000
  0.083245  1.186186 -2.057262  1.000000  0.970721  0.025111  0.004168  1.000000
 -0.554961 -0.120980 -1.590289  1.000000  0.994372  0.004226  0.001402  1.000000
  0.796136  0.944589 -0.642002  1.000000  0.713146  0.201920  0.084934  1.000000
 -0.159147  0.949128  0.147978  1.000000  0.901618  0.016780  0.081602  1.000000
  0.270545  0.017235  1.281356  1.000000  0.608071  0.029562  0.362366  1.000000
 -2.080700 -0.634576 -0.325015  1.000000  0.999306  0.000052  0.000642  1.000000
 -1.160521 -2.371807 -0.989280  1.000000  0.998936  0.000550  0.000514  1.000000
 -0.158349 -0.320865  0.475464  1.000000  0.921465  0.014706  0.063829  1.000000
  1.575072  0.086776 -0.172591  1.000000  0.255151  0.616575  0.128274  2.000000
  0.200976 -1.210203 -0.058429  1.000000  0.930163  0.037917  0.031920  1.000000
 -2.391197 -0.658013  2.132452  1.000000  0.983021  0.000012  0.016967  1.000000
  1.580110  3.069979 -1.301735  1.000000  0.241218  0.566860  0.191922  2.000000
  0.663312  0.172779 -0.579748  1.000000  0.801873  0.146394  0.051733  1.000000
  0.551958  0.333718 -0.136940  1.000000  0.793759  0.109674  0.096567  1.000000
 -0.609015  1.386283 -0.654493  1.000000  0.979227  0.004906  0.015867  1.000000
  0.776190 -1.081053  1.055933  1.000000  0.580600  0.108779  0.310621  1.000000
  0.074123 -0.213930 -0.809675  1.000000  0.956994  0.029948  0.013058  1.000000
  0.648987  1.174468  0.319897  1.000000  0.584988  0.111551  0.303460  1.000000
 -0.496968 -1.264140 -0.790446  1.000000  0.991734  0.005031  0.003235  1.000000
 -2.381191 -0.973868 -1.019264  1.000000  0.999877  0.000018  0.000105  1.000000
  0.451412 -0.131751  0.394305  1.000000  0.782095  0.074923  0.142982  1.000000
 -1.156766 -0.099714 -1.620450  1.000000  0.998791  0.000714  0.000496  1.000000
  1.261066 -1.618982 -0.160031  1.000000  0.524957  0.404437  0.070606  1.000000
 -0.382964  1.631892 -2.563850  1.000000  0.993464  0.005362  0.001174  1.000000
 -0.419442 -1.480913  0.684945  1.000000  0.959752  0.005754  0.034494  1.000000
 -1.454556 -0.682773  0.767270  1.000000  0.989392  0.000314  0.010294  1.000000
 -1.795535 -1.218552  0.019279  1.000000  0.998509  0.000113  0.001379  1.000000
 -0.040514  0.425508 -0.025137  1.000000  0.922322  0.023363  0.054315  1.000000
  0.173172 -0.968760 -0.727659  1.000000  0.952251  0.035919  0.011831  1.000000
 -0.029420  1.177043 -0.372968  1.000000  0.922042  0.025361  0.052597  1.000000
  1.061462 -1.771334  1.563483  1.000000  0.370036  0.117354  0.512609  3.000000
  0.071944  1.270783  0.092980  1.000000  0.840753  0.031235  0.128012  1.000000
  1.654153 -0.322340 -0.895118  1.000000  0.261142  0.702391  0.036467  2.000000
 -0.310190  0.405272 -0.076030  1.000000  0.956057  0.011047  0.032896  1.000000
  0.569206 -1.551412  0.440294  1.000000  0.815817  0.086907  0.097275  1.000000
  0.375693 -0.234777  0.261708  1.000000  0.832819  0.064178  0.103003  1.000000
  2.465924  1.811471  0.910214  1.000000  0.015107  0.428860  0.556033  3.000000
 -2.484490  0.172441  1.359339  1.000000  0.992894  0.000013  0.007092  1.000000
  0.349960  0.017252 -1.845115  1.000000  0.944137  0.051706  0.004157  1.000000
 -0.347700 -0.402843 -2.607256  1.000000  0.994795  0.004900  0.000305  1.000000
 -2.376635 -1.390398 -1.083176  1.000000  0.999904  0.000017  0.000079  1.000000
 -0.786923  0.238006  0.776709  1.000000  0.946144  0.002447  0.051409  1.000000
 -2.285496  0.175850  1.199659  1.000000  0.992135  0.000026  0.007839  1.000000
 -0.343349 -0.797586 -0.103029  1.000000  0.975708  0.008798  0.015494  1.000000
 -0.343017  0.533382  1.349206  1.000000  0.745337  0.006328  0.248334  1.000000
  0.180122 -0.604277 -1.742471  1.000000  0.966248  0.031029  0.002723  1.000000
 -0.218824 -0.086750 -0.186822  1.000000  0.962296  0.013754  0.023949  1.000000
  0.028998  0.018615 -0.437140  1.000000  0.947041  0.027835  0.025124  1.000000
 -0.915892 -0.159380 -0.287195  1.000000  0.991849  0.001815  0.006336  1.000000
  1.158425 -0.087697 -0.278293  1.000000  0.517171  0.380128  0.102702  1.000000
 -0.207211 -1.172166 -0.086321  1.000000  0.971142  0.012232  0.016626  1.000000
  1.064084 -1.743315 -0.055871  1.000000  0.648418  0.279716  0.071866  1.000000
 -0.368659  1.470305  0.079047  1.000000  0.913886  0.009536  0.076578  1.000000
  0.500441 -1.493711  0.548945  1.000000  0.821696  0.071722  0.106583  1.000000
 -0.234295 -2.151285  1.668653  1.000000  0.846261  0.005802  0.147937  1.000000
  0.483542 -0.780560 -0.863322  1.000000  0.900071  0.083698  0.016231  1.000000
  0.011863  0.193554 -0.578496  1.000000  0.951512  0.026820  0.021669  1.000000
 -1.386404  0.082412  0.240440  1.000000  0.991867  0.000457  0.007676  1.000000
 -0.773429 -0.160618  1.264187  1.000000  0.912231  0.002089  0.085680  1.000000
  1.144130 -1.428857 -0.029622  1.000000  0.580128  0.333533  0.086339  1.000000
  1.308434  0.445974  0.257515  1.000000  0.334232  0.391850  0.273918  2.000000
 -0.279985  0.841697 -0.334409  1.000000  0.957103  0.012467  0.030430  1.000000
  0.974006  0.532514 -0.700115  1.000000  0.640990  0.289003  0.070007  1.000000
  1.634578  0.066980  0.016904  1.000000  0.218306  0.620375  0.161319  2.000000
 -0.875185  0.748284  1.830900  1.000000  0.749867  0.001145  0.248989  1.000000
 -0.979757  1.476173 -2.101443  1.000000  0.998003  0.001148  0.000849  1.000000
  0.763370  0.698763 -1.181335  1.000000  0.786723  0.182161  0.031116  1.000000
 -0.983887 -0.874121 -1.130998  1.000000  0.997796  0.001215  0.000990  1.000000
 -1.671296  0.278273 -0.347886  1.000000  0.997712  0.000201  0.002087  1.000000
  1.117102 -1.076126 -1.288287  1.000000  0.660764  0.325038  0.014198  1.000000
 -0.219647  0.166761  0.844658  1.000000  0.860954  0.011481  0.127566  1.000000
 -0.364033 -0.485365 -0.945973  1.000000  0.987301  0.008168  0.004531  1.000000
 -0.088177  0.835600 -0.081210  1.000000  0.919076  0.021000  0.059924  1.000000
 -0.738318  1.138656 -0.773312  1.000000  0.987833  0.003292  0.008875  1.000000
  0.465471 -1.792805  0.391627  1.000000  0.861441  0.065330  0.073229  1.000000
  1.301920  0.238579 -1.714693  1.000000  0.525130  0.459814  0.015056  1.000000
  1.225938  0.802939  0.716463  1.000000  0.264405  0.239114  0.496481  3.000000
 -0.267328 -0.171099  0.679030  1.000000  0.910552  0.010476  0.078972  1.000000
  0.683229  0.178133 -0.744897  1.000000  0.805932  0.152896  0.041172  1.000000
  1.227140  0.854921 -0.662278  1.000000  0.462067  0.438522  0.099411  1.000000
 -0.272935  0.167193 -0.251789  1.000000  0.964910  0.012110  0.022980  1.000000
 -1.657440 -0.897862 -1.507209  1.000000  0.999684  0.000148  0.000168  1.000000
 -0.727501  1.501848 -1.250026  1.000000  0.991402  0.003175  0.005423  1.000000
  1.832983  1.322654 -0.570647  1.000000  0.137968  0.737704  0.124329  2.000000
  0.156044  2.292930  1.197076  1.000000  0.305905  0.012466  0.681629  3.000000
  0.473352 -0.784114 -2.032917  1.000000  0.936607  0.061009  0.002384  1.000000
  0.120540 -0.750536 -0.474690  1.000000  0.949177  0.032682  0.018141  1.000000
 -0.262874  0.849948  0.702992  1.000000  0.844347  0.010839  0.144814  1.000000
 -1.632258 -0.809132  0.880583  1.000000  0.991275  0.000177  0.008548  1.000000
 -1.178781  0.308100  0.896039  1.000000  0.965034  0.000769  0.034197  1.000000
 -1.347980  0.343285 -0.556438  1.000000  0.996791  0.000525  0.002684  1.000000
  0.654813  0.926416  0.153347  1.000000  0.653387  0.126280  0.220333  1.000000
 -0.287945 -1.279836  0.495978  1.000000  0.956483  0.008985  0.034532  1.000000
  0.956412  1.108972  1.742713  1.000000  0.114307  0.036958  0.848736  3.000000
  0.569969  0.622810 -0.791252  1.000000  0.837062  0.119191  0.043746  1.000000
 -0.352611 -1.699408 -0.273453  1.000000  0.984785  0.007331  0.007884  1.000000
  1.524490  0.411541  0.704132  1.000000  0.188493  0.381409  0.430098  3.000000
 -1.364514 -0.208782 -1.479587  1.000000  0.999190  0.000396  0.000415  1.000000
 -1.252043 -1.056419 -0.440779  1.000000  0.997632  0.000586  0.001783  1.000000
  0.038064 -0.342318 -0.837703  1.000000  0.962406  0.026576  0.011018  1.000000
 -0.292453  0.013164 -0.015297  1.000000  0.959302  0.011191  0.029506  1.000000
  0.258182  0.667235 -1.070273  1.000000  0.929079  0.051801  0.019120  1.000000
 -0.214810  0.562517  1.325543  1.000000  0.705824  0.008791  0.285385  1.000000
  0.930309  0.982974  1.104700  1.000000  0.262955  0.096215  0.640829  3.000000
  0.576934 -1.773184  0.950282  1.000000  0.745023  0.071172  0.183805  1.000000
  0.780602 -0.023971  0.907821  1.000000  0.507745  0.116062  0.376193  1.000000
  1.055812  0.298266  0.651546  1.000000  0.404062  0.218829  0.377109  1.000000
  0.940501 -0.908983 -0.218307  1.000000  0.687430  0.243558  0.069012  1.000000
 -1.243966 -0.322541  0.323228  1.000000  0.990509  0.000659  0.008831  1.000000
  0.242547  0.559777  1.029430  1.000000  0.629274  0.031883  0.338843  1.000000
 -0.218803 -0.324272 -0.210294  1.000000  0.966327  0.013399  0.020274  1.000000
  0.993940 -0.150947 -2.827862  1.000000  0.823028  0.175223  0.001750  1.000000
 -1.001919 -1.137066 -2.220692  1.000000  0.999089  0.000773  0.000138  1.000000
 -1.706321 -0.227602 -0.245474  1.000000  0.998105  0.000172  0.001723  1.000000
  0.521579 -1.209421  1.742768  1.000000  0.490522  0.034983  0.474495  1.000000
  0.435574 -0.535365  0.275180  1.000000  0.829104  0.072750  0.098146  1.000000
 -1.350464 -0.109650  1.336350  1.000000  0.960261  0.000391  0.039347  1.000000
 -0.112683  1.571936 -0.622319  1.000000  0.937954  0.020226  0.041819  1.000000
  1.076484  1.435052 -1.070148  1.000000  0.576739  0.347202  0.076058  1.000000
 -1.338435 -0.582323 -0.207114  1.000000  0.996680  0.000492  0.002828  1.000000
  0.634521  1.833082  0.476964  1.000000  0.443214  0.081820  0.474967  3.000000
  1.594501 -0.337083  1.396173  1.000000  0.129506  0.247084  0.623410  3.000000
 -2.164619 -1.251242  1.489940  1.000000  0.992780  0.000028  0.007192  1.000000
  0.892103 -0.648011 -0.118917  1.000000  0.691524  0.222726  0.085750  1.000000
 -0.165132 -0.641841  0.944967  1.000000  0.881318  0.012156  0.106526  1.000000
  1.107223 -0.300075  0.633011  1.000000  0.438716  0.257032  0.304251  1.000000
 -0.179734 -0.743312  1.755098  1.000000  0.713263  0.007243  0.279494  1.000000
  0.709743 -0.589573 -1.929147  1.000000  0.875618  0.120101  0.004282  1.000000
  0.302116  2.981894  1.440437  1.000000  0.115431  0.006572  0.877997  3.000000
 -0.039697 -1.726503 -1.137682  1.000000  0.980613  0.016205  0.003181  1.000000
 -1.848795  1.523205 -2.066798  1.000000  0.999699  0.000087  0.000214  1.000000
 -0.721088 -0.007382 -1.431634  1.000000  0.995761  0.002758  0.001480  1.000000
 -1.692271 -1.197661 -0.677534  1.000000  0.999310  0.000150  0.000540  1.000000
  0.243265 -0.437730  0.271150  1.000000  0.875730  0.044864  0.079406  1.000000
 -2.573429 -2.128072  0.826295  1.000000  0.999088  0.000008  0.000904  1.000000
 -1.201128  1.718698  1.119100  1.000000  0.884279  0.000685  0.115036  1.000000
  0.926243 -0.218681 -0.105042  1.000000  0.647325  0.243681  0.108993  1.000000
  0.767654  0.299969 -2.654099  1.000000  0.883142  0.114557  0.002301  1.000000
 -1.423829 -1.217566 -0.197713  1.000000  0.997821  0.000345  0.001834  1.000000
 -0.333711 -1.723817  0.078413  1.000000  0.978280  0.007647  0.014072  1.000000
 -1.755040 -1.067595  1.812180  1.000000  0.974505  0.000087  0.025408  1.000000
  0.354077  0.667099  0.319754  1.000000  0.765639  0.060651  0.173710  1.000000
 -1.275092  0.105284 -0.472595  1.000000  0.996353  0.000641  0.003006  1.000000
 -0.593093  0.944289 -0.410819  1.000000  0.977328  0.005113  0.017560  1.000000
 -0.487124 -0.457184 -0.395087  1.000000  0.984746  0.006085  0.009169  1.000000
 -0.715985 -1.311582 -1.536214  1.000000  0.997113  0.002239  0.000648  1.000000
  1.741842  0.016355 -0.475176  1.000000  0.194282  0.731060  0.074658  2.000000
 -0.513506  0.480099 -0.551340  1.000000  0.982048  0.006185  0.011767  1.000000
 -0.937362 -0.223882  1.469585  1.000000  0.912462  0.001199  0.086340  1.000000
 -0.860640 -1.187571  0.482218  1.000000  0.984250  0.001756  0.013994  1.000000
 -1.628296 -1.611768  0.884587  1.000000  0.993762  0.000156  0.006083  1.000000
 -0.247940  0.896391 -1.106700  1.000000  0.977605  0.012726  0.009669  1.000000
  2.553112  0.869576  0.535770  2.000000  0.020242  0.744319  0.235439  2.000000
  4.047724  0.262879 -1.755777  2.000000  0.000669  0.998150  0.001181  2.000000
  2.731374  0.044527  0.409942  2.000000  0.015494  0.870002  0.114504  2.000000
  3.921142  0.736705 -1.802521  2.000000  0.000907  0.997423  0.001670  2.000000
  4.689028  1.966887  0.656242  2.000000  0.000086  0.935127  0.064787  2.000000
  0.480678  0.726223  1.703869  2.000000  0.278871  0.023019  0.698110  3.000000
  2.844873 -0.824408 -0.262695  2.000000  0.013783  0.960333  0.025883  2.000000
  1.551546  1.008363 -1.209350  2.000000  0.300424  0.650652  0.048924  2.000000
  1.603733 -0.586894  1.734082  2.000000  0.101353  0.170147  0.728500  3.000000
  3.290694 -0.957641  0.789504  2.000000  0.004400  0.914976  0.080624  2.000000
  3.664024  0.176422  0.877708  2.000000  0.001405  0.903815  0.094780  2.000000
  3.801007  0.855644 -1.345306  2.000000  0.001071  0.995099  0.003830  2.000000
  1.938008 -0.858131 -0.378103  2.000000  0.139578  0.807094  0.053328  2.000000
  2.833182  0.956445  0.612451  2.000000  0.009946  0.777913  0.212141  2.000000
  3.429330  0.785275  0.351774  2.000000  0.002342  0.925671  0.071987  2.000000
  3.095910 -0.180479 -0.354489  2.000000  0.006499  0.971942  0.021559  2.000000
  3.195896  1.269283 -1.168130  2.000000  0.004935  0.982161  0.012905  2.000000
  2.724936  0.711426 -0.247790  2.000000  0.015301  0.925115  0.059584  2.000000
  4.182590 -0.320316 -0.512904  2.000000  0.000385  0.995056  0.004559  2.000000
  1.971107 -0.060221 -0.829888  2.000000  0.124127  0.839268  0.036606  2.000000
  2.980653  1.158236  0.229245  2.000000  0.007100  0.873884  0.119016  2.000000
  2.394534  1.723788  1.079510  2.000000  0.015749  0.352925  0.631326  3.000000
  1.998496  1.028280 -1.692356  2.000000  0.129920  0.850750  0.019330  2.000000
  3.254938 -0.095052  2.573096  2.000000  0.001891  0.206762  0.791347  3.000000
  4.579001 -1.403411 -0.465427  2.000000  0.000163  0.997644  0.002193  2.000000
  1.531550  0.718984 -0.415428  2.000000  0.268404  0.604594  0.127002  2.000000
  2.633402  0.720067 -0.972869  2.000000  0.021820  0.955279  0.022900  2.000000
  2.864528  0.886864  1.258338  2.000000  0.007522  0.552934  0.439544  2.000000
  3.233199 -1.450269  1.308537  2.000000  0.005705  0.821373  0.172922  2.000000
  2.537813  0.406921 -1.177174  2.000000  0.030252  0.953742  0.016006  2.000000
  3.010786 -1.523979  1.276855  2.000000  0.010008  0.789322  0.200670  2.000000
  2.291800  0.284575 -1.138308  2.000000  0.057467  0.921931  0.020602  2.000000
  1.205425  0.697444 -0.455914  2.000000  0.462856  0.416222  0.120922  1.000000
  1.997570 -1.185992 -0.349703  2.000000  0.127601  0.824338  0.048060  2.000000
  4.146507 -0.479808 -0.536519  2.000000  0.000433  0.995266  0.004301  2.000000
  1.759158  0.230468  0.395448  2.000000  0.147149  0.586659  0.266193  2.000000
  3.320017  0.902928 -0.131851  2.000000  0.003137  0.955816  0.041048  2.000000
  2.767584 -0.113260 -0.217241  2.000000  0.015121  0.945274  0.039605  2.000000
  3.293361  0.441771 -2.484992  2.000000  0.006534  0.992228  0.001238  2.000000
  1.743839  1.312277  0.000280  2.000000  0.138663  0.590582  0.270755  2.000000
  1.492466 -0.938100  0.076517  2.000000  0.328824  0.546065  0.125111  2.000000
  2.413155 -0.563299  0.846834  2.000000  0.035888  0.732221  0.231891  2.000000
  3.413635 -0.558408  0.249882  2.000000  0.002921  0.963640  0.033439  2.000000
  1.810132  2.035649 -0.789913  2.000000  0.141692  0.707929  0.150379  2.000000
  2.315463  1.133827  0.841213  2.000000  0.028335  0.526171  0.445495  2.000000
  4.238967  0.861349  0.188912  2.000000  0.000287  0.976142  0.023571  2.000000
  2.255317  0.242976 -1.498784  2.000000  0.069531  0.917810  0.012659  2.000000
  3.074171 -1.968942 -0.389056  2.000000  0.009427  0.977978  0.012595  2.000000
  2.968461 -1.282487 -2.030711  2.000000  0.015992  0.982413  0.001595  2.000000
  3.092232  1.021746 -0.645475  2.000000  0.005972  0.967700  0.026327  2.000000
  3.707362  0.180219  2.193814  2.000000  0.000996  0.456249  0.542755  3.000000
  2.731144  0.703947  2.495472  2.000000  0.003239  0.097719  0.899042  3.000000
  3.989972  0.315166 -1.568482  2.000000  0.000728  0.997604  0.001668  2.000000
  2.949711 -0.481582  0.313102  2.000000  0.009684  0.926649  0.063666  2.000000
  4.380985  0.503262 -1.017413  2.000000  0.000225  0.997230  0.002546  2.000000
  4.129222 -0.114144 -0.321789  2.000000  0.000425  0.992460  0.007115  2.000000
  1.944740 -0.480874  1.005303  2.000000  0.093428  0.514455  0.392117  2.000000
  2.908715 -1.949104  1.407901  2.000000  0.013956  0.736324  0.249720  2.000000
  2.692717  0.838378  0.402707  2.000000  0.014946  0.814497  0.170556  2.000000
  2.712363  0.190626  0.540266  2.000000  0.015636  0.833835  0.150529  2.000000
  4.584018  0.279274 -1.449373  2.000000  0.000150  0.998878  0.000972  2.000000
  1.644810  0.005910 -0.182346  2.000000  0.225538  0.655754  0.118708  2.000000
  2.659771 -0.932080 -0.175704  2.000000  0.022675  0.942210  0.035115  2.000000
  0.875248  1.412793 -0.817805  2.000000  0.667594  0.237416  0.094990  1.000000
  1.380437  0.945655 -0.496392  2.000000  0.347912  0.519217  0.132871  2.000000
  5.058200  1.755528  0.046760  2.000000  0.000033  0.986330  0.013637  2.000000
  2.949497 -0.559007  1.243529  2.000000  0.009292  0.738522  0.252186  2.000000
  2.065492  0.832469 -0.215294  2.000000  0.078783  0.793534  0.127683  2.000000
  3.009449 -1.419782 -0.037744  2.000000  0.009827  0.964257  0.025916  2.000000
  1.964761 -0.841599 -0.068259  2.000000  0.125831  0.791012  0.083157  2.000000
  0.882415  0.756501  0.544171  2.000000  0.464131  0.162898  0.372970  1.000000
  2.186802  0.397028  0.257734  2.000000  0.057134  0.764076  0.178789  2.000000
  2.119996  1.398560 -0.233048  2.000000  0.063848  0.772244  0.163907  2.000000
  4.697215  0.221319 -0.485640  2.000000  0.000095  0.996527  0.003378  2.000000
  5.161691 -0.193473  2.690839  2.000000  0.000045  0.660040  0.339915  2.000000
  3.247560 -0.399305 -0.065822  2.000000  0.004418  0.969642  0.025941  2.000000
  1.920015  0.839074  2.210474  2.000000  0.016168  0.061985  0.921847  3.000000
  2.287863  1.219424  0.542803  2.000000  0.034219  0.622585  0.343196  2.000000
  3.755118  1.358494 -0.536539  2.000000  0.001006  0.980898  0.018096  2.000000
  3.038880  2.114829 -0.724965  2.000000  0.006499  0.939778  0.053722  2.000000
  4.844212 -2.295944  0.884038  2.000000  0.000108  0.986851  0.013041  2.000000
  1.731629  0.328559  0.824701  2.000000  0.123239  0.430738  0.446023  3.000000
  4.136336 -0.218372 -1.705294  2.000000  0.000551  0.998540  0.000909  2.000000
  2.482162  0.915810  0.124024  2.000000  0.026177  0.827038  0.146785  2.000000
  3.765884 -1.746977 -1.251750  2.000000  0.001649  0.996714  0.001636  2.000000
  2.008566  0.999717  0.353998  2.000000  0.073237  0.623986  0.302776  2.000000
  1.914479  0.831198 -0.034813  2.000000  0.106921  0.710050  0.183029  2.000000
  2.369914  0.822495 -1.609741  2.000000  0.050875  0.935770  0.013356  2.000000
  1.961752 -1.633513  0.227111  2.000000  0.141065  0.754000  0.104935  2.000000
  0.951703  0.681704 -0.863905  2.000000  0.663143  0.277858  0.058999  1.000000
  2.805125 -1.060878  2.406164  2.000000  0.007546  0.234090  0.758364  3.000000
  1.608404  0.542027 -0.098060  2.000000  0.218919  0.607699  0.173382  2.000000
  3.027457 -1.638706 -0.021215  2.000000  0.009782  0.965316  0.024902  2.000000
  4.708182  0.045568  0.111024  2.000000  0.000093  0.992030  0.007877  2.000000
  4.544830 -0.852084 -0.635184  2.000000  0.000164  0.997784  0.002052  2.000000
  3.554126 -0.584849  0.136463  2.000000  0.002026  0.974446  0.023528  2.000000
  2.027593 -1.185183 -0.545740  2.000000  0.121781  0.843214  0.035005  2.000000
  3.335413  0.839697 -1.875987  2.000000  0.004343  0.992471  0.003186  2.000000
  1.158995 -0.508622  1.193823  2.000000  0.312454  0.182454  0.505092  3.000000
  3.336450  0.587941  0.463988  2.000000  0.003039  0.911728  0.085232  2.000000
  2.190958  2.234116 -2.346627  2.000000  0.099179  0.884007  0.016815  2.000000
  1.390901  0.412807 -1.000476  2.000000  0.400559  0.551418  0.048023  2.000000
  2.773347  0.575295 -0.490450  2.000000  0.014109  0.949358  0.036533  2.000000
  1.948907 -1.113446  1.014752  2.000000  0.108990  0.548607  0.342404  2.000000
  3.126721 -1.113946  0.001847  2.000000  0.006810  0.967104  0.026086  2.000000
  3.480892  0.605948  1.330048  2.000000  0.001981  0.728142  0.269877  2.000000
  2.607740  0.024092  0.561864  2.000000  0.020840  0.818858  0.160302  2.000000
  2.316086 -1.062650  0.098967  2.000000  0.054961  0.871532  0.073507  2.000000
  2.897982  0.464327  0.023841  2.000000  0.009788  0.925035  0.065178  2.000000
  2.872311  0.056520 -1.021987  2.000000  0.012552  0.975948  0.011500  2.000000
  3.207719 -1.074326  0.537287  2.000000  0.005511  0.937679  0.056811  2.000000
  2.481011  0.741573 -0.763189  2.000000  0.031129  0.931862  0.037009  2.000000
  1.787904  0.379763  0.285976  2.000000  0.139399  0.617403  0.243198  2.000000
  3.637718 -0.301373  1.632183  2.000000  0.001623  0.741200  0.257177  2.000000
  2.497985  0.500750  0.661078  2.000000  0.024190  0.729173  0.246637  2.000000
  1.129763  1.069221  0.539000  2.000000  0.313608  0.226463  0.459929  3.000000
  2.754149 -0.783216 -0.396892  2.000000  0.017582  0.958769  0.023649  2.000000
  2.850847 -0.401379  0.152070  2.000000  0.012416  0.930788  0.056796  2.000000
  2.865875  0.544960  0.793702  2.000000  0.009631  0.772709  0.217659  2.000000
  2.744985 -0.286545  0.247031  2.000000  0.015966  0.907005  0.077029  2.000000
  2.355592 -0.531044 -0.637942  2.000000  0.049229  0.923047  0.027724  2.000000
  2.888162 -0.071987 -0.964998  2.000000  0.012085  0.976363  0.011553  2.000000
  3.999928  0.022907 -1.391678  2.000000  0.000696  0.997486  0.001818  2.000000
  3.519094 -1.376286  1.974232  2.000000  0.002640  0.646797  0.350563  2.000000
  1.434794  0.519105  0.330758  2.000000  0.259842  0.434223  0.305935  2.000000
  3.644677  0.287825  0.831551  2.000000  0.001448  0.903985  0.094567  2.000000
  2.440676 -1.871895 -0.137591  2.000000  0.047649  0.914540  0.037811  2.000000
  1.644978 -0.197691  1.854603  2.000000  0.070143  0.132714  0.797144  3.000000
  2.656361  0.339027 -0.409044  2.000000  0.019478  0.939086  0.041436  2.000000
  2.462085 -0.060658 -0.411932  2.000000  0.033971  0.923957  0.042072  2.000000
  4.463281 -0.066108 -0.835917  2.000000  0.000187  0.997545  0.002268  2.000000
  1.534221  0.299621  2.130791  2.000000  0.045895  0.059729  0.894375  3.000000
  2.297456  1.928943  0.286384  2.000000  0.030864  0.608224  0.360913  2.000000
  2.676539 -0.954726  0.987837  2.000000  0.020376  0.777608  0.202015  2.000000
  2.439479 -1.581989 -0.218797  2.000000  0.045348  0.919425  0.035227  2.000000
  1.775630  0.771258  1.377906  2.000000  0.059623  0.212640  0.727737  3.000000
  2.941212  1.627626 -1.584520  2.000000  0.010699  0.976760  0.012541  2.000000
  3.611842 -0.833408  0.591668  2.000000  0.001853  0.955577  0.042570  2.000000
  0.539811  1.211892  2.316617  2.000000  0.092013  0.007073  0.900914  3.000000
  2.692624 -0.449675 -0.597195  2.000000  0.020096  0.958788  0.021116  2.000000
  3.541210 -0.794741 -0.600623  2.000000  0.002240  0.990745  0.007015  2.000000
  1.186231  0.653974 -2.102824  2.000000  0.631081  0.358684  0.010235  1.000000
  3.675587  0.290579 -0.012514  2.000000  0.001311  0.975081  0.023608  2.000000
  2.695616  0.373950 -1.787268  2.000000  0.023941  0.970329  0.005730  2.000000
  2.393088  0.980891 -0.200030  2.000000  0.034412  0.860740  0.104849  2.000000
  2.931203 -1.560982  1.862298  2.000000  0.010476  0.538545  0.450979  2.000000
  2.261384 -0.940827 -1.329854  2.000000  0.076203  0.914061  0.009735  2.000000
  3.091033  1.165844 -0.306860  2.000000  0.005664  0.946564  0.047773  2.000000
  1.851381 -0.786010  1.250662  2.000000  0.106817  0.407356  0.485827  3.000000
  4.892045  0.729189  0.553252  2.000000  0.000056  0.980840  0.019105  2.000000
  2.138933  0.029186  1.098758  2.000000  0.051218  0.502464  0.446318  2.000000
  3.652318 -0.973686  0.440744  2.000000  0.001691  0.967923  0.030386  2.000000
  0.433709 -0.562252 -2.913545  2.000000  0.961976  0.037449  0.000575  1.000000
  2.670464  0.366734  1.726269  2.000000  0.009991  0.355132  0.634877  3.000000
  3.327309  0.632705 -1.074035  2.000000  0.003574  0.987894  0.008532  2.000000
  2.331024  1.994097 -1.063111  2.000000  0.044469  0.890268  0.065263  2.000000
  2.618174 -1.234039  1.287808  2.000000  0.023575  0.676456  0.299969  2.000000
  2.074382  1.039547  0.610221  2.000000  0.055634  0.551790  0.392577  2.000000
  2.855364 -0.418751  0.112111  2.000000  0.012324  0.934914  0.052762  2.000000
  3.267702 -0.360375  1.093463  2.000000  0.004177  0.834916  0.160907  2.000000
  2.046160 -0.416544 -0.375389  2.000000  0.101097  0.841442  0.057461  2.000000
  1.954232  1.328671 -0.882990  2.000000  0.113069  0.812646  0.074285  2.000000
  3.892460  1.717596  0.691483  2.000000  0.000642  0.867318  0.132040  2.000000
  3.262129 -0.789339 -0.153908  2.000000  0.004528  0.976171  0.019301  2.000000
  2.567556 -1.386693  0.642175  2.000000  0.030153  0.848401  0.121446  2.000000
  3.112931  1.485804  0.590056  2.000000  0.004574  0.784529  0.210897  2.000000
  0.257452  1.246388  1.463065  3.000000  0.359393  0.017622  0.622985  3.000000
  1.713565 -0.158093  4.797964  3.000000  0.001038  0.000287  0.998675  3.000000
  1.075738  1.360470  2.593497  3.000000  0.024811  0.007584  0.967605  3.000000
  2.460779  2.366621  4.791062  3.000000  0.000055  0.000138  0.999807  3.000000
 -0.067334  0.372916  1.576057  3.000000  0.592231  0.010247  0.397522  1.000000
  2.543452  0.229431  2.276336  3.000000  0.007615  0.148146  0.844239  3.000000
 -0.090203  2.303372  1.941043  3.000000  0.174595  0.002685  0.822720  3.000000
  3.051316  0.583537  3.001150  3.000000  0.001068  0.055954  0.942978  3.000000
  2.715534  0.547357  2.540364  3.000000  0.003443  0.095882  0.900675  3.000000
  1.868979  1.965745  5.503708  3.000000  0.000071  0.000016  0.999913  3.000000
 -0.298699 -0.270502  2.692719  3.000000  0.369757  0.001795  0.628449  3.000000
  1.031026  2.356334  2.583857  3.000000  0.012384  0.003426  0.984190  3.000000
  0.427054  1.212588  1.628705  3.000000  0.253364  0.019051  0.727585  3.000000
 -0.226621 -0.137595  0.485742  3.000000  0.923295  0.012353  0.064353  1.000000
  0.543962 -1.084030  2.974387  3.000000  0.128191  0.005266  0.866543  3.000000
  1.008188  0.238521  2.356662  3.000000  0.078422  0.020705  0.900873  3.000000
  1.433652  0.973587  3.572731  3.000000  0.004513  0.001916  0.993570  3.000000
  1.332749  0.909842  1.350555  3.000000  0.117969  0.124598  0.757433  3.000000
  0.873952 -0.747929  2.655098  3.000000  0.104989  0.014172  0.880838  3.000000
 -0.338023  0.200311  1.848004  3.000000  0.627724  0.004378  0.367898  1.000000
  1.240533  0.658808  2.967821  3.000000  0.018064  0.006692  0.975244  3.000000
  1.367383  1.641514  2.144794  3.000000  0.024445  0.021664  0.953891  3.000000
  0.317623 -1.239629  1.935805  3.000000  0.510808  0.018663  0.470529  1.000000
 -0.482394  0.078291  1.480279  3.000000  0.800351  0.004143  0.195506  1.000000
  2.156553  1.012251  1.086300  3.000000  0.034684  0.391133  0.574183  3.000000
  1.252272  1.425678  2.573496  3.000000  0.018490  0.009425  0.972085  3.000000
 -0.541590 -0.240805  1.862939  3.000000  0.749147  0.002720  0.248134  1.000000
  1.948882  2.252112  1.391641  3.000000  0.017423  0.105842  0.876734  3.000000
  0.405666  0.037885  1.894730  3.000000  0.335267  0.019353  0.645380  3.000000
  4.767112  2.006220  0.197479  3.000000  0.000069  0.970770  0.029161  2.000000
 -0.056585  0.506098  1.632543  3.000000  0.546900  0.009685  0.443414  1.000000
  1.040448  1.241731  4.320373  3.000000  0.002378  0.000180  0.997442  3.000000
 -0.451422  0.134188  3.730560  3.000000  0.115496  0.000183  0.884321  3.000000
  0.222846  2.425228  2.560708  3.000000  0.043043  0.001203  0.955754  3.000000
  4.241039 -0.135526  3.708285  3.000000  0.000100  0.068088  0.931812  3.000000
  2.327451 -0.085265  3.161982  3.000000  0.003933  0.024221  0.971845  3.000000
  1.603514  1.323510  2.305936  3.000000  0.016876  0.026396  0.956729  3.000000
  0.460210 -0.073633  2.240416  3.000000  0.228123  0.012977  0.758900  3.000000
  2.552910  1.956614  1.788793  3.000000  0.004716  0.129994  0.865291  3.000000
  1.467191 -0.091823 -0.479050  3.000000  0.337705  0.583522  0.078773  2.000000
  1.182611 -0.472002  4.706058  3.000000  0.003227  0.000213  0.996560  3.000000
  1.554550  1.552728  2.073102  3.000000  0.021540  0.033206  0.945255  3.000000
  2.709989  1.401504  2.864074  3.000000  0.001270  0.030459  0.968271  3.000000
  2.510551  2.156511  2.982172  3.000000  0.000812  0.010698  0.988491  3.000000
  2.978773  1.604632  2.709475  3.000000  0.000895  0.049127  0.949978  3.000000
 -0.481496  0.959540  2.419267  3.000000  0.356748  0.001335  0.641917  3.000000
  2.199328  0.662681  2.976351  3.000000  0.003980  0.021055  0.974965  3.000000
 -0.358775  1.742350  1.834291  3.000000  0.379812  0.002777  0.617411  3.000000
  2.251028  0.643706  1.595585  3.000000  0.021783  0.265346  0.712871  3.000000
  1.122118  0.579745  1.926127  3.000000  0.096446  0.044458  0.859096  3.000000
  0.862096 -0.170558  3.868714  3.000000  0.014843  0.000891  0.984266  3.000000
  3.614994  0.088592  2.951214  3.000000  0.000614  0.142400  0.856986  3.000000
 -0.103822  2.670136  2.825446  3.000000  0.040025  0.000371  0.959604  3.000000
  3.052488 -0.666547  1.176076  3.000000  0.007508  0.789658  0.202834  2.000000
  1.733132  0.552163  3.931917  3.000000  0.002235  0.001583  0.996182  3.000000
  1.086770  2.079962  2.309814  3.000000  0.021283  0.007975  0.970742  3.000000
  1.328177  1.563855  2.787692  3.000000  0.010854  0.006073  0.983072  3.000000
  1.175401  0.462362  3.475706  3.000000  0.010921  0.002323  0.986756  3.000000
  1.655775 -0.351673  1.939545  3.000000  0.067000  0.123548  0.809452  3.000000
  1.633623 -0.835215  3.114799  3.000000  0.018297  0.015431  0.966272  3.000000
  2.109190  0.170483  1.116488  3.000000  0.051421  0.470011  0.478569  3.000000
  0.542371  1.026271  3.140128  3.000000  0.032919  0.001545  0.965536  3.000000
  2.367178 -0.150312  1.491320  3.000000  0.026682  0.426745  0.546573  3.000000
  0.683456  1.696512  2.965378  3.000000  0.020889  0.001698  0.977413  3.000000
  0.898008  1.101737  0.860884  3.000000  0.325034  0.115641  0.559325  3.000000
  3.578367 -0.208824  2.020568  3.000000  0.001627  0.548811  0.449562  2.000000
  1.017318  0.547134  1.506253  3.000000  0.189185  0.075990  0.734825  3.000000
 -0.670006  2.988111  1.879379  3.000000  0.247765  0.000710  0.751524  3.000000
  2.437851  0.038740  3.000740  3.000000  0.003870  0.036422  0.959708  3.000000
  0.522000  1.157802  1.416641  3.000000  0.291693  0.030859  0.677448  3.000000
  3.865738  0.442909  2.530110  3.000000  0.000514  0.308707  0.690779  3.000000
  2.753443 -2.747818  2.816735  3.000000  0.009177  0.136659  0.854164  3.000000
  1.719970  1.892843  0.954030  3.000000  0.055884  0.201852  0.742265  3.000000
  2.315558 -0.096598  2.988195  3.000000  0.005148  0.034415  0.960437  3.000000
  2.030343  1.629483  1.132045  3.000000  0.031078  0.252125  0.716797  3.000000
  0.320847 -0.091612  1.442609  3.000000  0.546016  0.028811  0.425173  1.000000
 -0.044914  1.974214  2.281691  3.000000  0.133781  0.001998  0.864221  3.000000
 -0.130825  0.912926  2.509378  3.000000  0.219070  0.002163  0.778766  3.000000
  0.622213  0.484436  3.363980  3.000000  0.030094  0.001453  0.968453  3.000000
  1.465330 -1.180441  1.265453  3.000000  0.231013  0.280633  0.488354  3.000000
 -0.368342  1.912531  0.705749  3.000000  0.752221  0.007447  0.240333  1.000000
  1.318317  1.932204  2.160300  3.000000  0.020696  0.015980  0.963325  3.000000
  0.285047  0.117256  2.312644  3.000000  0.240496  0.008159  0.751344  3.000000
  1.674260  1.748305  4.078607  3.000000  0.000843  0.000478  0.998679  3.000000
  2.109788 -0.567682  2.849454  3.000000  0.011053  0.043083  0.945864  3.000000
  1.093162 -0.896697  2.282680  3.000000  0.131059  0.039287  0.829654  3.000000
  1.216168  0.953159  2.027941  3.000000  0.058442  0.034552  0.907006  3.000000
  2.782918  1.690034  0.597807  3.000000  0.009516  0.674560  0.315924  2.000000
  1.093136 -0.351035  2.017947  3.000000  0.143340  0.052802  0.803859  3.000000
  2.331796  0.043765  1.756998  3.000000  0.021228  0.286298  0.692473  3.000000
  1.811240 -0.037781  1.890037  3.000000  0.047502  0.143315  0.809183  3.000000
  1.663536  0.091135  2.067924  3.000000  0.045460  0.085430  0.869109  3.000000
  1.413480  0.331656  4.705415  3.000000  0.001415  0.000196  0.998389  3.000000
 -0.490228  0.687576  1.827007  3.000000  0.622523  0.002937  0.374539  1.000000
  2.349454  1.474614  1.450641  3.000000  0.013608  0.240122  0.746271  3.000000
  1.041902  1.553953  2.951322  3.000000  0.013511  0.003048  0.983441  3.000000
  0.378998 -0.241695  1.500118  3.000000  0.521133  0.031290  0.447578  1.000000
  2.592679  1.957068  2.156577  3.000000  0.002716  0.071048  0.926236  3.000000
  0.245037  1.796222  2.527263  3.000000  0.071322  0.002154  0.926525  3.000000
  2.239170  1.263193  1.491419  3.000000  0.017900  0.228132  0.753968  3.000000
  2.670321  0.432561  2.089944  3.000000  0.006810  0.208762  0.784428  3.000000
  1.761232  2.834813  1.756161  3.000000  0.008771  0.027629  0.963599  3.000000
  0.732581  0.220974  2.159690  3.000000  0.152210  0.020248  0.827542  3.000000
  2.991857 -1.483032  0.226436  3.000000  0.010393  0.949972  0.039634  2.000000
 -0.471933  1.128450  1.442073  3.000000  0.679411  0.004015  0.316574  1.000000
  2.502694 -0.452501  3.012710  3.000000  0.004481  0.046936  0.948583  3.000000
  0.570432  1.926087  2.835899  3.000000  0.025177  0.001617  0.973205  3.000000
  3.063265  0.678290  0.834182  3.000000  0.005766  0.790176  0.204057  2.000000
  1.969833  0.050866  2.986893  3.000000  0.008156  0.021453  0.970392  3.000000
  0.706844 -0.023167  0.711478  3.000000  0.596400  0.114821  0.288779  1.000000
  1.932284 -0.392993  2.200169  3.000000  0.031762  0.111314  0.856924  3.000000
  2.294817  0.348569  1.736226  3.000000  0.020155  0.255766  0.724079  3.000000
  1.438359  1.490538  3.801835  3.000000  0.002214  0.000816  0.996970  3.000000
  2.073011  0.457772  2.153572  3.000000  0.017125  0.099732  0.883142  3.000000
  2.349266  0.640007  2.200933  3.000000  0.009195  0.113559  0.877246  3.000000
 -0.534797  1.716894  3.814892  3.000000  0.042506  0.000055  0.957439  3.000000
  1.343408  1.374758  0.947569  3.000000  0.140484  0.174688  0.684829  3.000000
  1.711738  1.642954  3.268578  3.000000  0.002780  0.003317  0.993903  3.000000
  1.943989  1.755223  3.366935  3.000000  0.001538  0.003265  0.995197  3.000000
  0.400903  1.111672  1.050088  3.000000  0.469513  0.038841  0.491646  3.000000
 -0.108200 -1.792508  3.263960  3.000000  0.272223  0.001229  0.726548  3.000000
  0.507862 -0.355520  1.807213  3.000000  0.374959  0.028634  0.596407  3.000000
  2.709388  1.775841  3.237204  3.000000  0.000561  0.010634  0.988805  3.000000
  0.839143  1.192096  2.965744  3.000000  0.023678  0.002932  0.973389  3.000000
  1.509805  0.510451  3.625300  3.000000  0.005055  0.002459  0.992486  3.000000
  1.191264 -0.357530  2.369506  3.000000  0.079919  0.032722  0.887358  3.000000
 -0.263864  0.545363  1.020780  3.000000  0.805435  0.009428  0.185137  1.000000
  2.591556  3.184559  2.281836  3.000000  0.000805  0.019382  0.979813  3.000000
  2.687285  0.490250  2.924846  3.000000  0.002225  0.045405  0.952370  3.000000
  1.331486 -0.638382  2.816837  3.000000  0.040364  0.018277  0.941359  3.000000
  1.534919 -0.213201  3.275364  3.000000  0.012355  0.007738  0.979906  3.000000
  2.341751 -0.762463  0.469890  3.000000  0.047147  0.816413  0.136440  2.000000
  2.685236 -0.412159  1.944517  3.000000  0.011170  0.345121  0.643710  3.000000
  1.707044  1.962594  3.532453  3.000000  0.001482  0.001449  0.997069  3.000000
  2.952003 -0.439596  1.767359  3.000000  0.007459  0.508211  0.484330  2.000000
  2.421343  0.765979  3.074832  3.000000  0.002288  0.021012  0.976700  3.000000
  2.654527  0.574396  1.857993  3.000000  0.008297  0.273143  0.718560  3.000000
  3.268785  1.196748  1.330304  3.000000  0.002719  0.591419  0.405862  2.000000
  1.594218 -1.123576  1.503567  3.000000  0.154667  0.252349  0.592984  3.000000
 -0.247465  0.547394  1.128281  3.000000  0.774316  0.009258  0.216426  1.000000
  1.874465  2.151023  2.622423  3.000000  0.003697  0.010580  0.985723  3.000000
  1.336598  1.145724  1.531188  3.000000  0.082674  0.084478  0.832848  3.000000
  1.485288  0.364362  1.882119  3.000000  0.065973  0.084172  0.849855  3.000000
  1.477222  0.082536  2.075427  3.000000  0.060689  0.067538  0.871774  3.000000
 -0.354335  2.212111  0.012375  3.000000  0.869140  0.009632  0.121228  1.000000
  1.630483  1.242866  1.087171  3.000000  0.081311  0.216755  0.701934  3.000000
  1.180914  0.868893  1.489446  3.000000  0.129205  0.084942  0.785852  3.000000
  0.939484 -0.513384  1.598072  3.000000  0.294275  0.081307  0.624418  3.000000
  2.602741  0.354276  2.216101  3.000000  0.006918  0.164984  0.828098  3.000000
  1.610820  1.347820  2.314839  3.000000  0.016190  0.025758  0.958052  3.000000
  1.552357  1.497457  1.031790  3.000000  0.085711  0.188482  0.725806  3.000000
  0.786624  3.569581  1.233189  3.000000  0.044433  0.010436  0.945130  3.000000
  0.912328  3.792870  0.537563  3.000000  0.080832  0.030871  0.888296  3.000000
  1.719646  0.216988  4.826739  3.000000  0.000793  0.000226  0.998982  3.000000
  1.545423  0.593843  1.988697  3.000000  0.045968  0.067674  0.886358  3.000000
  1.117557  1.451154  1.901207  3.000000  0.058174  0.028289  0.913536  3.000000
  2.163408  2.046758  4.318895  3.000000  0.000220  0.000391  0.999389  3.000000
  1.088048  0.913110  2.280904  3.000000  0.051487  0.018765  0.929748  3.000000
  2.213906  1.998291  2.871028  3.000000  0.001717  0.010774  0.987510  3.000000
  2.776619 -1.700370  3.178259  3.000000  0.004030  0.064219  0.931751  3.000000
  1.132846  0.321731  2.056019  3.000000  0.092575  0.040553  0.866871  3.000000
  1.625075  0.553226  0.792867  3.000000  0.142199  0.379699  0.478102  3.000000
  1.348276 -1.171670  2.035717  3.000000  0.135047  0.089070  0.775883  3.000000
  0.643761  0.903398  1.012879  3.000000  0.411828  0.067914  0.520257  3.000000
  2.419792  0.371045  2.365756  3.000000  0.007748  0.104262  0.887990  3.000000
 -0.805800  3.657246  0.337733  3.000000  0.701963  0.001931  0.296106  1.000000
  1.495229  0.421292  3.233414  3.000000  0.009623  0.005961  0.984416  3.000000
  0.992106  0.007250  1.519923  3.000000  0.244846  0.086287  0.668867  3.000000
