 -0.108825         *         *  1.000000  0.863563  0.124000  0.012437  1.000000
 -0.178548 -0.620636 -0.537977  1.000000  0.994360  0.000167  0.005473  1.000000
 -0.003511 -1.128220  1.254858  1.000000  0.969626  0.011731  0.018643  1.000000
 -0.074615  0.573508         *  1.000000  0.836608  0.145988  0.017403  1.000000
 -2.109963  0.087731  0.937964  1.000000  0.999852  0.000128  0.000020  1.000000
 -2.760026  1.221129  0.499426  1.000000  0.999968  0.000030  0.000002  1.000000
 -0.569978 -0.338916 -0.113698  1.000000  0.997589  0.000332  0.002079  1.000000
         *  1.852017         *  1.000000  0.110438  0.585718  0.303844  2.000000
         *  0.416220         *  1.000000  0.374028  0.178338  0.447634  3.000000
         *  1.072722  1.695498  1.000000  0.127709  0.404146  0.468145  3.000000
 -0.215231  0.080744 -1.284924  1.000000  0.994754  0.000054  0.005192  1.000000
 -0.961355 -0.884044  2.406957  1.000000  0.973536  0.024502  0.001963  1.000000
         *         *  0.152212  1.000000  0.522611  0.014180  0.463209  1.000000
 -1.031380 -0.690950 -0.576468  1.000000  0.999671  0.000017  0.000312  1.000000
  0.083245  1.186186 -2.057262  1.000000  0.980274  0.000059  0.019667  1.000000
 -0.554961 -0.120980 -1.590289  1.000000  0.998556  0.000007  0.001437  1.000000
  0.796136  0.944589 -0.642002  1.000000  0.806371  0.007883  0.185746  1.000000
 -0.159147  0.949128         *  1.000000  0.776130  0.208718  0.015153  1.000000
  0.270545  0.017235  1.281356  1.000000  0.832870  0.104088  0.063042  1.000000
 -2.080700 -0.634576 -0.325015  1.000000  0.999990  0.000002  0.000008  1.000000
 -1.160521 -2.371807 -0.989280  1.000000  0.999904  0.000000  0.000095  1.000000
         * -0.320865         *  1.000000  0.503370  0.075912  0.420718  1.000000
         *  0.086776 -0.172591  1.000000  0.562521  0.003341  0.434138  1.000000
         *         * -0.058429  1.000000  0.549674  0.008528  0.441798  1.000000
 -2.391197 -0.658013  2.132452  1.000000  0.999720  0.000270  0.000011  1.000000
         *  3.069979         *  1.000000  0.017841  0.868002  0.114157  2.000000
         *  0.172779         *  1.000000  0.419910  0.136018  0.444072  3.000000
  0.551958  0.333718 -0.136940  1.000000  0.902494  0.008534  0.088972  1.000000
         *  1.386283         *  1.000000  0.184164  0.436434  0.379403  2.000000
         * -1.081053  1.055933  1.000000  0.528817  0.012793  0.458390  1.000000
  0.074123 -0.213930 -0.809675  1.000000  0.986654  0.000245  0.013100  1.000000
  0.648987  1.174468         *  1.000000  0.312734  0.602789  0.084477  2.000000
 -0.496968         * -0.790446  1.000000  0.997336  0.000227  0.002437  1.000000
 -2.381191 -0.973868 -1.019264  1.000000  0.999998  0.000000  0.000002  1.000000
  0.451412 -0.131751  0.394305  1.000000  0.917575  0.014114  0.068311  1.000000
 -1.156766 -0.099714 -1.620450  1.000000  0.999810  0.000001  0.000189  1.000000
  1.261066 -1.618982 -0.160031  1.000000  0.748137  0.001150  0.250713  1.000000
 -0.382964  1.631892 -2.563850  1.000000  0.994591  0.000009  0.005399  1.000000
 -0.419442 -1.480913  0.684945  1.000000  0.996106  0.000716  0.003178  1.000000
 -1.454556 -0.682773  0.767270  1.000000  0.999675  0.000190  0.000135  1.000000
 -1.795535 -1.218552  0.019279  1.000000  0.999973  0.000005  0.000022  1.000000
 -0.040514  0.425508 -0.025137  1.000000  0.978428  0.004511  0.017062  1.000000
  0.173172 -0.968760 -0.727659  1.000000  0.986612  0.000123  0.013266  1.000000
 -0.029420  1.177043 -0.372968  1.000000  0.971029  0.006147  0.022824  1.000000
         * -1.771334         *  1.000000  0.670830  0.012443  0.316727  1.000000
  0.071944         *  0.092980  1.000000  0.970052  0.008703  0.021245  1.000000
  1.654153 -0.322340 -0.895118  1.000000  0.442891  0.000986  0.556123  3.000000
 -0.310190  0.405272 -0.076030  1.000000  0.990815  0.002137  0.007049  1.000000
  0.569206 -1.551412  0.440294  1.000000  0.940407  0.002519  0.057073  1.000000
         * -0.234777         *  1.000000  0.489835  0.084248  0.425917  1.000000
  2.465924  1.811471         *  1.000000  0.008423  0.495625  0.495953  3.000000
 -2.484490  0.172441  1.359339  1.000000  0.999875  0.000118  0.000007  1.000000
  0.349960  0.017252 -1.845115  1.000000  0.974914  0.000029  0.025057  1.000000
 -0.347700 -0.402843 -2.607256  1.000000  0.997968  0.000000  0.002032  1.000000
 -2.376635 -1.390398 -1.083176  1.000000  0.999998  0.000000  0.000002  1.000000
 -0.786923  0.238006  0.776709  1.000000  0.993147  0.004786  0.002066  1.000000
 -2.285496  0.175850  1.199659  1.000000  0.999830  0.000158  0.000013  1.000000
 -0.343349 -0.797586 -0.103029  1.000000  0.996119  0.000292  0.003589  1.000000
         *  0.533382         *  1.000000  0.351111  0.202102  0.446787  3.000000
  0.180122 -0.604277 -1.742471  1.000000  0.988396  0.000011  0.011593  1.000000
 -0.218824 -0.086750 -0.186822  1.000000  0.992036  0.000898  0.007066  1.000000
  0.028998  0.018615 -0.437140  1.000000  0.984495  0.000904  0.014601  1.000000
 -0.915892 -0.159380 -0.287195  1.000000  0.999225  0.000116  0.000659  1.000000
  1.158425 -0.087697 -0.278293  1.000000  0.687308  0.006224  0.306469  1.000000
 -0.207211 -1.172166 -0.086321  1.000000  0.994934  0.000241  0.004825  1.000000
  1.064084 -1.743315 -0.055871  1.000000  0.838123  0.001071  0.160806  1.000000
 -0.368659  1.470305  0.079047  1.000000  0.972607  0.016198  0.011194  1.000000
  0.500441 -1.493711  0.548945  1.000000  0.946389  0.003202  0.050409  1.000000
 -0.234295 -2.151285  1.668653  1.000000  0.986966  0.004688  0.008346  1.000000
  0.483542 -0.780560 -0.863322  1.000000  0.965202  0.000196  0.034602  1.000000
  0.011863         * -0.578496  1.000000  0.985339  0.001262  0.013399  1.000000
         *  0.082412         *  1.000000  0.436215  0.122607  0.441179  3.000000
 -0.773429 -0.160618  1.264187  1.000000  0.988891  0.008750  0.002359  1.000000
  1.144130         *         *  1.000000  0.327683  0.464690  0.207627  2.000000
  1.308434  0.445974         *  1.000000  0.257809  0.426868  0.315323  2.000000
 -0.279985  0.841697 -0.334409  1.000000  0.988932  0.002304  0.008764  1.000000
  0.974006  0.532514 -0.700115  1.000000  0.764275  0.004328  0.231398  1.000000
  1.634578         *         *  1.000000  0.159544  0.442658  0.397798  2.000000
 -0.875185  0.748284  1.830900  1.000000  0.898300  0.098211  0.003490  1.000000
 -0.979757         * -2.101443  1.000000  0.999662  0.000001  0.000337  1.000000
  0.763370  0.698763 -1.181335  1.000000  0.867430  0.001151  0.131419  1.000000
 -0.983887 -0.874121 -1.130998  1.000000  0.999717  0.000003  0.000280  1.000000
 -1.671296  0.278273 -0.347886  1.000000  0.999919  0.000024  0.000057  1.000000
  1.117102 -1.076126         *  1.000000  0.676544  0.083394  0.240062  1.000000
 -0.219647  0.166761  0.844658  1.000000  0.968076  0.018903  0.013021  1.000000
 -0.364033 -0.485365 -0.945973  1.000000  0.997201  0.000043  0.002756  1.000000
 -0.088177  0.835600 -0.081210  1.000000  0.975427  0.006805  0.017768  1.000000
         *  1.138656 -0.773312  1.000000  0.482606  0.003007  0.514387  3.000000
  0.465471 -1.792805         *  1.000000  0.947721  0.014266  0.038013  1.000000
  1.301920  0.238579 -1.714693  1.000000  0.672966  0.000203  0.326831  1.000000
         *  0.802939         *  1.000000  0.297212  0.265327  0.437461  3.000000
 -0.267328 -0.171099  0.679030  1.000000  0.984451  0.006746  0.008804  1.000000
  0.683229  0.178133 -0.744897  1.000000  0.903037  0.001579  0.095383  1.000000
  1.227140         *         *  1.000000  0.293650  0.470699  0.235651  2.000000
         *  0.167193         *  1.000000  0.420930  0.135154  0.443916  3.000000
 -1.657440 -0.897862 -1.507209  1.000000  0.999976  0.000000  0.000023  1.000000
         *         * -1.250026  1.000000  0.660843  0.000366  0.338791  1.000000
  1.832983         * -0.570647  1.000000  0.264581  0.006553  0.728866  3.000000
         *         *  1.197076  1.000000  0.339993  0.128957  0.531050  3.000000
  0.473352 -0.784114 -2.032917  1.000000  0.975557  0.000006  0.024437  1.000000
  0.120540 -0.750536 -0.474690  1.000000  0.986132  0.000307  0.013561  1.000000
 -0.262874  0.849948  0.702992  1.000000  0.949767  0.035510  0.014723  1.000000
 -1.632258         *         *  1.000000  0.997015  0.002901  0.000083  1.000000
 -1.178781  0.308100  0.896039  1.000000  0.996806  0.002590  0.000604  1.000000
 -1.347980  0.343285 -0.556438  1.000000  0.999792  0.000038  0.000170  1.000000
  0.654813  0.926416  0.153347  1.000000  0.784205  0.050505  0.165290  1.000000
 -0.287945 -1.279836  0.495978  1.000000  0.994474  0.000793  0.004733  1.000000
  0.956412         *  1.742713  1.000000  0.222398  0.596407  0.181195  2.000000
  0.569969         * -0.791252  1.000000  0.932730  0.001950  0.065320  1.000000
 -0.352611 -1.699408 -0.273453  1.000000  0.997644  0.000050  0.002306  1.000000
         *  0.411541         *  1.000000  0.374934  0.177436  0.447631  3.000000
 -1.364514 -0.208782 -1.479587  1.000000  0.999909  0.000001  0.000090  1.000000
 -1.252043 -1.056419 -0.440779  1.000000  0.999859  0.000008  0.000132  1.000000
  0.038064 -0.342318 -0.837703  1.000000  0.988884  0.000173  0.010943  1.000000
 -0.292453  0.013164         *  1.000000  0.950390  0.042207  0.007403  1.000000
  0.258182  0.667235 -1.070273  1.000000  0.966916  0.000666  0.032417  1.000000
 -0.214810         *         *  1.000000  0.889551  0.101319  0.009130  1.000000
         *  0.982974  1.104700  1.000000  0.245885  0.164707  0.589408  3.000000
  0.576934 -1.773184  0.950282  1.000000  0.923132  0.006677  0.070191  1.000000
  0.780602         *  0.907821  1.000000  0.640022  0.174754  0.185224  1.000000
         *  0.298266         *  1.000000  0.396589  0.156670  0.446741  3.000000
  0.940501         *         *  1.000000  0.419073  0.433319  0.147608  2.000000
 -1.243966         *  0.323228  1.000000  0.998997  0.000688  0.000315  1.000000
         *  0.559777  1.029430  1.000000  0.322984  0.089958  0.587058  3.000000
 -0.218803 -0.324272 -0.210294  1.000000  0.993144  0.000586  0.006270  1.000000
  0.993940 -0.150947 -2.827862  1.000000  0.879545  0.000003  0.120452  1.000000
 -1.001919 -1.137066 -2.220692  1.000000  0.999820  0.000000  0.000180  1.000000
 -1.706321 -0.227602 -0.245474  1.000000  0.999946  0.000013  0.000041  1.000000
         * -1.209421  1.742768  1.000000  0.420801  0.043277  0.535922  3.000000
  0.435574 -0.535365  0.275180  1.000000  0.941996  0.005590  0.052414  1.000000
         * -0.109650         *  1.000000  0.469378  0.097863  0.432759  1.000000
 -0.112683  1.571936 -0.622319  1.000000  0.974726  0.005078  0.020196  1.000000
  1.076484         *         *  1.000000  0.356902  0.456810  0.186288  2.000000
 -1.338435 -0.582323 -0.207114  1.000000  0.999844  0.000024  0.000131  1.000000
  0.634521         *  0.476964  1.000000  0.819731  0.058699  0.121570  1.000000
  1.594501 -0.337083         *  1.000000  0.280776  0.200428  0.518796  3.000000
 -2.164619 -1.251242  1.489940  1.000000  0.999932  0.000055  0.000013  1.000000
  0.892103 -0.648011 -0.118917  1.000000  0.850445  0.003342  0.146213  1.000000
 -0.165132         *  0.944967  1.000000  0.939850  0.044982  0.015168  1.000000
         * -0.300075         *  1.000000  0.500142  0.077852  0.422006  1.000000
         * -0.743312         *  1.000000  0.563454  0.045095  0.391451  1.000000
  0.709743 -0.589573 -1.929147  1.000000  0.946474  0.000016  0.053509  1.000000
         *  2.981894         *  1.000000  0.020738  0.854955  0.124307  2.000000
 -0.039697 -1.726503 -1.137682  1.000000  0.995479  0.000008  0.004512  1.000000
 -1.848795  1.523205 -2.066798  1.000000  0.999964  0.000001  0.000035  1.000000
 -0.721088 -0.007382 -1.431634  1.000000  0.999078  0.000009  0.000913  1.000000
 -1.692271 -1.197661 -0.677534  1.000000  0.999975  0.000001  0.000024  1.000000
         * -0.437730  0.271150  1.000000  0.571220  0.004915  0.423865  1.000000
 -2.573429 -2.128072  0.826295  1.000000  0.999998  0.000001  0.000001  1.000000
 -1.201128         *  1.119100  1.000000  0.993742  0.005696  0.000562  1.000000
         * -0.218681 -0.105042  1.000000  0.591129  0.002623  0.406248  1.000000
  0.767654  0.299969 -2.654099  1.000000  0.917500  0.000007  0.082493  1.000000
 -1.423829 -1.217566 -0.197713  1.000000  0.999917  0.000008  0.000075  1.000000
 -0.333711 -1.723817  0.078413  1.000000  0.997026  0.000130  0.002844  1.000000
 -1.755040 -1.067595  1.812180  1.000000  0.999377  0.000547  0.000075  1.000000
  0.354077  0.667099  0.319754  1.000000  0.895045  0.033509  0.071445  1.000000
 -1.275092  0.105284 -0.472595  1.000000  0.999758  0.000040  0.000202  1.000000
 -0.593093  0.944289         *  1.000000  0.906511  0.089187  0.004303  1.000000
         * -0.457184         *  1.000000  0.523900  0.064265  0.411835  1.000000
 -0.715985 -1.311582 -1.536214  1.000000  0.999482  0.000001  0.000517  1.000000
  1.741842  0.016355         *  1.000000  0.174546  0.257024  0.568430  3.000000
         *         * -0.551340  1.000000  0.603404  0.002443  0.394154  1.000000
 -0.937362 -0.223882  1.469585  1.000000  0.989968  0.008533  0.001500  1.000000
 -0.860640 -1.187571         *  1.000000  0.997414  0.001880  0.000706  1.000000
 -1.628296 -1.611768  0.884587  1.000000  0.999905  0.000041  0.000054  1.000000
 -0.247940  0.896391 -1.106700  1.000000  0.992132  0.000310  0.007558  1.000000
  2.553112  0.869576  0.535770  2.000000  0.021105  0.036140  0.942755  3.000000
         *         * -1.755777  2.000000  0.691138  0.000085  0.308777  1.000000
  2.731374         *         *  2.000000  0.019449  0.153014  0.827537  3.000000
         *         * -1.802521  2.000000  0.693512  0.000074  0.306413  1.000000
         *  1.966887  0.656242  2.000000  0.179486  0.213374  0.607140  3.000000
         *  0.726223         *  2.000000  0.312642  0.246138  0.441220  3.000000
  2.844873 -0.824408         *  2.000000  0.025233  0.027847  0.946920  3.000000
  1.551546  1.008363 -1.209350  2.000000  0.370688  0.002445  0.626867  3.000000
         *         *  1.734082  2.000000  0.219724  0.296217  0.484059  3.000000
  3.290694 -0.957641  0.789504  2.000000  0.007930  0.002288  0.989782  3.000000
  3.664024  0.176422  0.877708  2.000000  0.001964  0.004350  0.993686  3.000000
  3.801007  0.855644 -1.345306  2.000000  0.002655  0.000043  0.997301  3.000000
  1.938008 -0.858131 -0.378103  2.000000  0.277443  0.001632  0.720924  3.000000
         *  0.956445  0.612451  2.000000  0.335969  0.063328  0.600704  3.000000
  3.429330  0.785275  0.351774  2.000000  0.003189  0.004688  0.992123  3.000000
  3.095910 -0.180479         *  2.000000  0.010536  0.035006  0.954459  3.000000
         *  1.269283 -1.168130  2.000000  0.497677  0.001248  0.501075  3.000000
         *  0.711426         *  2.000000  0.315615  0.242544  0.441841  3.000000
         * -0.320316         *  2.000000  0.503285  0.075962  0.420752  1.000000
  1.971107 -0.060221 -0.829888  2.000000  0.227054  0.001308  0.771638  3.000000
  2.980653         *         *  2.000000  0.011397  0.104016  0.884588  3.000000
  2.394534  1.723788  1.079510  2.000000  0.010701  0.267085  0.722215  3.000000
  1.998496  1.028280 -1.692356  2.000000  0.167100  0.000459  0.832442  3.000000
         * -0.095052         *  2.000000  0.466931  0.099575  0.433494  1.000000
         * -1.403411 -0.465427  2.000000  0.734387  0.000214  0.265398  1.000000
  1.531550  0.718984 -0.415428  2.000000  0.351178  0.013251  0.635571  3.000000
         *  0.720067         *  2.000000  0.313879  0.244638  0.441482  3.000000
  2.864528         *  1.258338  2.000000  0.009718  0.067171  0.923111  3.000000
  3.233199 -1.450269  1.308537  2.000000  0.008030  0.003995  0.987975  3.000000
  2.537813  0.406921 -1.177174  2.000000  0.057559  0.000428  0.942012  3.000000
  3.010786         *  1.276855  2.000000  0.006890  0.053988  0.939122  3.000000
         *         * -1.138308  2.000000  0.652947  0.000500  0.346553  1.000000
  1.205425  0.697444 -0.455914  2.000000  0.578976  0.012032  0.408993  1.000000
  1.997570 -1.185992 -0.349703  2.000000  0.269757  0.001137  0.729106  3.000000
         *         * -0.536519  2.000000  0.601963  0.002539  0.395498  1.000000
  1.759158         *  0.395448  2.000000  0.209002  0.063378  0.727621  3.000000
  3.320017  0.902928 -0.131851  2.000000  0.004817  0.002315  0.992868  3.000000
  2.767584 -0.113260 -0.217241  2.000000  0.030395  0.001736  0.967869  3.000000
  3.293361  0.441771 -2.484992  2.000000  0.013112  0.000003  0.986886  3.000000
  1.743839  1.312277  0.000280  2.000000  0.146470  0.059450  0.794080  3.000000
  1.492466 -0.938100  0.076517  2.000000  0.518248  0.005417  0.476335  1.000000
         * -0.563299         *  2.000000  0.539121  0.056389  0.404490  1.000000
  3.413635 -0.558408         *  2.000000  0.006168  0.013056  0.980776  3.000000
         *  2.035649 -0.789913  2.000000  0.348071  0.009736  0.642193  3.000000
  2.315463  1.133827  0.841213  2.000000  0.025385  0.119999  0.854616  3.000000
  4.238967  0.861349  0.188912  2.000000  0.000582  0.000676  0.998742  3.000000
  2.255317         * -1.498784  2.000000  0.140029  0.000370  0.859601  3.000000
  3.074171 -1.968942 -0.389056  2.000000  0.032569  0.000095  0.967337  3.000000
         * -1.282487 -2.030711  2.000000  0.809778  0.000003  0.190219  1.000000
  3.092232  1.021746 -0.645475  2.000000  0.009401  0.001224  0.989374  3.000000
  3.707362  0.180219  2.193814  2.000000  0.000735  0.036209  0.963056  3.000000
  2.731144  0.703947  2.495472  2.000000  0.002673  0.396746  0.600581  3.000000
  3.989972  0.315166 -1.568482  2.000000  0.002515  0.000009  0.997476  3.000000
  2.949711 -0.481582  0.313102  2.000000  0.018335  0.002718  0.978947  3.000000
  4.380985  0.503262 -1.017413  2.000000  0.000865  0.000020  0.999115  3.000000
  4.129222 -0.114144 -0.321789  2.000000  0.001517  0.000096  0.998388  3.000000
         * -0.480874         *  2.000000  0.527356  0.062421  0.410223  1.000000
  2.908715 -1.949104  1.407901  2.000000  0.018944  0.005144  0.975912  3.000000
  2.692717         *         *  2.000000  0.021109  0.161824  0.817067  3.000000
  2.712363  0.190626  0.540266  2.000000  0.020832  0.013519  0.965648  3.000000
  4.584018         *         *  2.000000  0.000395  0.004284  0.995320  3.000000
         *  0.005910 -0.182346  2.000000  0.573421  0.002924  0.423655  1.000000
  2.659771         *         *  2.000000  0.022630  0.169581  0.807789  3.000000
         *         * -0.817805  2.000000  0.627652  0.001204  0.371144  1.000000
  1.380437  0.945655         *  2.000000  0.140891  0.582573  0.276535  2.000000
  5.058200         *  0.046760  2.000000  0.000192  0.000064  0.999745  3.000000
         *         *  1.243529  2.000000  0.329913  0.139971  0.530116  3.000000
  2.065492         *         *  2.000000  0.074645  0.336404  0.588951  3.000000
         *         * -0.037744  2.000000  0.547135  0.008971  0.443894  1.000000
         * -0.841599         *  2.000000  0.575972  0.039888  0.384140  1.000000
  0.882415  0.756501  0.544171  2.000000  0.604454  0.119179  0.276367  1.000000
  2.186802  0.397028  0.257734  2.000000  0.075981  0.021564  0.902454  3.000000
  2.119996  1.398560 -0.233048  2.000000  0.065214  0.024607  0.910179  3.000000
  4.697215  0.221319 -0.485640  2.000000  0.000441  0.000026  0.999532  3.000000
  5.161691 -0.193473  2.690839  2.000000  0.000034  0.001947  0.998019  3.000000
  3.247560 -0.399305 -0.065822  2.000000  0.010613  0.000754  0.988633  3.000000
  1.920015  0.839074  2.210474  2.000000  0.013397  0.655681  0.330922  2.000000
  2.287863  1.219424  0.542803  2.000000  0.031701  0.079595  0.888704  3.000000
  3.755118         *         *  2.000000  0.002146  0.025215  0.972639  3.000000
         *         * -0.724965  2.000000  0.619551  0.001544  0.378905  1.000000
  4.844212         *  0.884038  2.000000  0.000185  0.000590  0.999225  3.000000
         *  0.328559  0.824701  2.000000  0.392358  0.045461  0.562182  3.000000
         * -0.218372         *  2.000000  0.487206  0.085929  0.426866  1.000000
  2.482162  0.915810  0.124024  2.000000  0.030437  0.018291  0.951271  3.000000
         *         * -1.251750  2.000000  0.660961  0.000364  0.338675  1.000000
  2.008566         *  0.353998  2.000000  0.125227  0.044971  0.829802  3.000000
  1.914479  0.831198         *  2.000000  0.064495  0.426324  0.509181  3.000000
  2.369914  0.822495 -1.609741  2.000000  0.077844  0.000277  0.921879  3.000000
  1.961752 -1.633513         *  2.000000  0.242281  0.040401  0.717319  3.000000
  0.951703  0.681704 -0.863905  2.000000  0.772762  0.003387  0.223851  1.000000
  2.805125 -1.060878  2.406164  2.000000  0.008363  0.071169  0.920468  3.000000
  1.608404         *         *  2.000000  0.166480  0.447081  0.386439  2.000000
  3.027457 -1.638706 -0.021215  2.000000  0.027943  0.000337  0.971720  3.000000
  4.708182  0.045568  0.111024  2.000000  0.000363  0.000082  0.999554  3.000000
         * -0.852084         *  2.000000  0.577276  0.039369  0.383355  1.000000
  3.554126         *  0.136463  2.000000  0.003896  0.002115  0.993990  3.000000
         * -1.185183 -0.545740  2.000000  0.724611  0.000231  0.275158  1.000000
  3.335413  0.839697         *  2.000000  0.003503  0.065087  0.931409  3.000000
  1.158995 -0.508622  1.193823  2.000000  0.500997  0.104899  0.394104  1.000000
  3.336450         *  0.463988  2.000000  0.005383  0.006437  0.988180  3.000000
  2.190958         *         *  2.000000  0.058719  0.299219  0.642063  3.000000
  1.390901  0.412807 -1.000476  2.000000  0.542932  0.002002  0.455066  1.000000
  2.773347         *         *  2.000000  0.017787  0.143813  0.838400  3.000000
  1.948907         *         *  2.000000  0.092630  0.369664  0.537706  3.000000
  3.126721 -1.113946         *  2.000000  0.014889  0.012518  0.972593  3.000000
         *  0.605948         *  2.000000  0.336719  0.217956  0.445325  3.000000
         *         *  0.561864  2.000000  0.461369  0.036164  0.502468  3.000000
  2.316086         *  0.098967  2.000000  0.070244  0.017395  0.912361  3.000000
  2.897982  0.464327  0.023841  2.000000  0.015130  0.004438  0.980433  3.000000
         *  0.056520 -1.021987  2.000000  0.645525  0.000343  0.354132  1.000000
  3.207719 -1.074326  0.537287  2.000000  0.011498  0.001434  0.987068  3.000000
         *         * -0.763189  2.000000  0.622930  0.001394  0.375676  1.000000
  1.787904  0.379763  0.285976  2.000000  0.186447  0.036400  0.777154  3.000000
  3.637718 -0.301373  1.632183  2.000000  0.001636  0.010550  0.987814  3.000000
  2.497985  0.500750         *  2.000000  0.026704  0.178196  0.795099  3.000000
  1.129763         *         *  2.000000  0.333782  0.463238  0.202980  2.000000
  2.754149 -0.783216         *  2.000000  0.030544  0.033839  0.935617  3.000000
         * -0.401379  0.152070  2.000000  0.581888  0.003872  0.414240  1.000000
  2.865875  0.544960  0.793702  2.000000  0.010415  0.024862  0.964723  3.000000
  2.744985 -0.286545  0.247031  2.000000  0.028112  0.004170  0.967718  3.000000
  2.355592         *         *  2.000000  0.042396  0.250655  0.706949  3.000000
  2.888162         *         *  2.000000  0.013910  0.120613  0.865477  3.000000
  3.999928         *         *  2.000000  0.001283  0.015291  0.983426  3.000000
  3.519094         *         *  2.000000  0.003554  0.039981  0.956465  3.000000
  1.434794  0.519105  0.330758  2.000000  0.342369  0.060365  0.597266  3.000000
  3.644677  0.287825  0.831551  2.000000  0.001989  0.004666  0.993345  3.000000
         * -1.871895         *  2.000000  0.678879  0.010981  0.310141  1.000000
  1.644978 -0.197691  1.854603  2.000000  0.105657  0.324783  0.569560  3.000000
  2.656361  0.339027 -0.409044  2.000000  0.034455  0.002201  0.963344  3.000000
  2.462085         * -0.411932  2.000000  0.062140  0.004390  0.933470  3.000000
         * -0.066108 -0.835917  2.000000  0.644362  0.000481  0.355157  1.000000
  1.534221         *         *  2.000000  0.187370  0.457853  0.354777  2.000000
  2.297456  1.928943  0.286384  2.000000  0.022468  0.099889  0.877644  3.000000
  2.676539         *         *  2.000000  0.021844  0.165605  0.812552  3.000000
  2.439479 -1.581989 -0.218797  2.000000  0.114573  0.000596  0.884831  3.000000
         *  0.771258  1.377906  2.000000  0.225736  0.205832  0.568432  3.000000
         *         * -1.584520  2.000000  0.681841  0.000140  0.318019  1.000000
  3.611842         *  0.591668  2.000000  0.002720  0.004856  0.992424  3.000000
  0.539811  1.211892  2.316617  2.000000  0.058299  0.903185  0.038516  2.000000
  2.692624 -0.449675         *  2.000000  0.030149  0.052713  0.917138  3.000000
  3.541210 -0.794741 -0.600623  2.000000  0.008104  0.000081  0.991815  3.000000
  1.186231         * -2.102824  2.000000  0.772232  0.000091  0.227677  1.000000
         *  0.290579 -0.012514  2.000000  0.518034  0.006519  0.475447  1.000000
  2.695616  0.373950 -1.787268  2.000000  0.047377  0.000061  0.952562  3.000000
  2.393088         * -0.200030  2.000000  0.067035  0.007974  0.924990  3.000000
  2.931203 -1.560982  1.862298  2.000000  0.011640  0.015674  0.972686  3.000000
  2.261384         * -1.329854  2.000000  0.132541  0.000580  0.866879  3.000000
  3.091033  1.165844 -0.306860  2.000000  0.007578  0.003197  0.989225  3.000000
  1.851381         *         *  2.000000  0.110334  0.395552  0.494114  3.000000
  4.892045  0.729189  0.553252  2.000000  0.000144  0.000284  0.999572  3.000000
  2.138933         *         *  2.000000  0.064922  0.314717  0.620361  3.000000
         *         *  0.440744  2.000000  0.480770  0.027638  0.491592  3.000000
  0.433709         *         *  2.000000  0.663841  0.284412  0.051746  1.000000
         *  0.366734  1.726269  2.000000  0.216430  0.232095  0.551475  3.000000
  3.327309         * -1.074035  2.000000  0.010509  0.000189  0.989301  3.000000
  2.331024  1.994097 -1.063111  2.000000  0.037528  0.004759  0.957713  3.000000
  2.618174 -1.234039         *  2.000000  0.050335  0.026439  0.923226  3.000000
  2.074382  1.039547  0.610221  2.000000  0.055966  0.100694  0.843340  3.000000
  2.855364 -0.418751         *  2.000000  0.020468  0.041606  0.937926  3.000000
  3.267702 -0.360375  1.093463  2.000000  0.005422  0.007983  0.986595  3.000000
  2.046160 -0.416544 -0.375389  2.000000  0.192555  0.002467  0.804978  3.000000
  1.954232         * -0.882990  2.000000  0.227143  0.002671  0.770186  3.000000
  3.892460  1.717596  0.691483  2.000000  0.000554  0.010160  0.989286  3.000000
  3.262129         *         *  2.000000  0.006194  0.064269  0.929537  3.000000
         *         *  0.642175  2.000000  0.447858  0.043046  0.509096  3.000000
         *  1.485804         *  2.000000  0.166734  0.468437  0.364830  2.000000
  0.257452  1.246388         *  3.000000  0.468265  0.491558  0.040177  2.000000
  1.713565 -0.158093  4.797964  3.000000  0.000776  0.932472  0.066751  2.000000
  1.075738         *  2.593497  3.000000  0.040899  0.871733  0.087368  2.000000
  2.460779  2.366621  4.791062  3.000000  0.000006  0.985215  0.014779  2.000000
 -0.067334  0.372916         *  3.000000  0.871414  0.111884  0.016702  1.000000
  2.543452  0.229431  2.276336  3.000000  0.007568  0.284912  0.707520  3.000000
 -0.090203  2.303372  1.941043  3.000000  0.071028  0.918824  0.010148  2.000000
  3.051316  0.583537  3.001150  3.000000  0.000904  0.383423  0.615672  3.000000
  2.715534  0.547357  2.540364  3.000000  0.003010  0.377492  0.619498  3.000000
  1.868979  1.965745  5.503708  3.000000  0.000007  0.993794  0.006199  2.000000
 -0.298699 -0.270502  2.692719  3.000000  0.620666  0.360957  0.018377  1.000000
  1.031026  2.356334  2.583857  3.000000  0.002106  0.982857  0.015037  2.000000
         *  1.212588         *  3.000000  0.216286  0.381806  0.401908  3.000000
         * -0.137595  0.485742  3.000000  0.506907  0.012009  0.481085  1.000000
  0.543962         *  2.974387  3.000000  0.047597  0.923542  0.028860  2.000000
         *  0.238521         *  3.000000  0.407786  0.146536  0.445678  3.000000
  1.433652  0.973587  3.572731  3.000000  0.001699  0.961567  0.036734  2.000000
         *         *  1.350555  3.000000  0.306253  0.167917  0.525830  3.000000
  0.873952 -0.747929  2.655098  3.000000  0.225218  0.580464  0.194318  2.000000
 -0.338023  0.200311  1.848004  3.000000  0.840066  0.145245  0.014689  1.000000
  1.240533  0.658808  2.967821  3.000000  0.011828  0.914095  0.074077  2.000000
  1.367383  1.641514  2.144794  3.000000  0.010830  0.898542  0.090628  2.000000
  0.317623 -1.239629         *  3.000000  0.947272  0.023307  0.029421  1.000000
         *  0.078291  1.480279  3.000000  0.306911  0.117523  0.575566  3.000000
  2.156553  1.012251         *  3.000000  0.034554  0.395304  0.570142  3.000000
         *  1.425678         *  3.000000  0.177170  0.449063  0.373768  2.000000
         * -0.240805  1.862939  3.000000  0.274256  0.155656  0.570088  3.000000
  1.948882  2.252112  1.391641  3.000000  0.007975  0.701995  0.290030  2.000000
         *         *  1.894730  3.000000  0.184969  0.360233  0.454799  3.000000
  4.767112  2.006220  0.197479  3.000000  0.000102  0.000742  0.999157  3.000000
 -0.056585         *         *  3.000000  0.849176  0.136386  0.014438  1.000000
  1.040448  1.241731  4.320373  3.000000  0.000495  0.991169  0.008336  2.000000
         *  0.134188         *  3.000000  0.426925  0.130145  0.442930  3.000000
  0.222846  2.425228  2.560708  3.000000  0.008197  0.986433  0.005370  2.000000
  4.241039 -0.135526  3.708285  3.000000  0.000078  0.052963  0.946959  3.000000
         *         *  3.161982  3.000000  0.027046  0.796001  0.176953  2.000000
  1.603514  1.323510  2.305936  3.000000  0.009127  0.854709  0.136164  2.000000
         * -0.073633         *  3.000000  0.463319  0.102134  0.434547  1.000000
  2.552910  1.956614  1.788793  3.000000  0.002424  0.553714  0.443862  2.000000
  1.467191         *         *  3.000000  0.207840  0.465185  0.326975  2.000000
  1.182611 -0.472002  4.706058  3.000000  0.003030  0.950058  0.046912  2.000000
  1.554550  1.552728  2.073102  3.000000  0.010934  0.850825  0.138241  2.000000
  2.709989         *         *  3.000000  0.020351  0.157848  0.821801  3.000000
  2.510551  2.156511  2.982172  3.000000  0.000214  0.900924  0.098862  2.000000
  2.978773  1.604632  2.709475  3.000000  0.000488  0.601584  0.397927  2.000000
         *  0.959540         *  3.000000  0.265787  0.307271  0.426942  3.000000
  2.199328  0.662681  2.976351  3.000000  0.002990  0.743678  0.253332  2.000000
 -0.358775         *         *  3.000000  0.918433  0.075646  0.005921  1.000000
         *  0.643706         *  3.000000  0.329185  0.226549  0.444266  3.000000
  1.122118  0.579745  1.926127  3.000000  0.111686  0.671976  0.216338  2.000000
         *         *  3.868714  3.000000  0.007738  0.896982  0.095280  2.000000
  3.614994  0.088592  2.951214  3.000000  0.000487  0.102900  0.896613  3.000000
 -0.103822  2.670136  2.825446  3.000000  0.005925  0.992037  0.002038  2.000000
         *         *  1.176076  3.000000  0.344506  0.124197  0.531297  3.000000
  1.733132  0.552163  3.931917  3.000000  0.001145  0.936572  0.062282  2.000000
  1.086770         *         *  3.000000  0.352379  0.458178  0.189444  2.000000
  1.328177  1.563855  2.787692  3.000000  0.003480  0.955871  0.040648  2.000000
  1.175401  0.462362  3.475706  3.000000  0.006690  0.944795  0.048515  2.000000
  1.655775         *         *  3.000000  0.154090  0.438852  0.407058  2.000000
  1.633623         *         *  3.000000  0.159793  0.442825  0.397382  2.000000
  2.109190         *         *  3.000000  0.068719  0.323540  0.607741  3.000000
  0.542371  1.026271  3.140128  3.000000  0.015033  0.967635  0.017332  2.000000
  2.367178 -0.150312         *  3.000000  0.053676  0.115386  0.830938  3.000000
  0.683456  1.696512  2.965378  3.000000  0.005415  0.982287  0.012297  2.000000
         *         *  0.860884  3.000000  0.408346  0.067934  0.523721  3.000000
  3.578367         *         *  3.000000  0.003129  0.035685  0.961185  3.000000
  1.017318  0.547134  1.506253  3.000000  0.256129  0.471787  0.272085  2.000000
 -0.670006         *         *  3.000000  0.959980  0.037796  0.002224  1.000000
  2.437851  0.038740  3.000740  3.000000  0.004244  0.506117  0.489639  2.000000
         *         *  1.416641  3.000000  0.291407  0.186973  0.521620  3.000000
  3.865738  0.442909  2.530110  3.000000  0.000348  0.054946  0.944707  3.000000
  2.753443 -2.747818         *  3.000000  0.058852  0.004436  0.936713  3.000000
  1.719970         *  0.954030  3.000000  0.155634  0.184548  0.659818  3.000000
  2.315558 -0.096598  2.988195  3.000000  0.006084  0.516591  0.477325  2.000000
  2.030343  1.629483  1.132045  3.000000  0.022833  0.391224  0.585943  3.000000
         * -0.091612  1.442609  3.000000  0.338345  0.090995  0.570660  3.000000
 -0.044914  1.974214         *  3.000000  0.328599  0.654198  0.017203  2.000000
 -0.130825  0.912926  2.509378  3.000000  0.206944  0.776404  0.016652  2.000000
  0.622213  0.484436  3.363980  3.000000  0.019953  0.953689  0.026358  2.000000
  1.465330         *         *  3.000000  0.208430  0.465354  0.326215  2.000000
         *         *  0.705749  3.000000  0.436787  0.049290  0.513923  3.000000
  1.318317  1.932204  2.160300  3.000000  0.006985  0.931052  0.061963  2.000000
         *  0.117256  2.312644  3.000000  0.140742  0.379908  0.479350  3.000000
  1.674260  1.748305  4.078607  3.000000  0.000133  0.985706  0.014162  2.000000
  2.109788 -0.567682  2.849454  3.000000  0.016681  0.428764  0.554555  3.000000
         * -0.896697         *  3.000000  0.582759  0.037231  0.380010  1.000000
  1.216168         *         *  3.000000  0.298027  0.470139  0.231833  2.000000
  2.782918  1.690034  0.597807  3.000000  0.007017  0.066233  0.926750  3.000000
         *         *  2.017947  3.000000  0.159903  0.411443  0.428654  3.000000
         *  0.043765         *  3.000000  0.443054  0.117228  0.439718  1.000000
         * -0.037781         *  3.000000  0.457213  0.106550  0.436236  1.000000
         *  0.091135  2.067924  3.000000  0.187975  0.283423  0.528602  3.000000
  1.413480  0.331656  4.705415  3.000000  0.000644  0.971346  0.028010  2.000000
         *  0.687576         *  3.000000  0.320401  0.236826  0.442773  3.000000
  2.349454  1.474614  1.450641  3.000000  0.009622  0.366601  0.623776  3.000000
         *         *  2.951322  3.000000  0.038974  0.747290  0.213736  2.000000
         * -0.241695  1.500118  3.000000  0.347754  0.085032  0.567214  3.000000
  2.592679  1.957068  2.156577  3.000000  0.001245  0.672629  0.326125  2.000000
  0.245037  1.796222  2.527263  3.000000  0.025250  0.963374  0.011377  2.000000
  2.239170  1.263193  1.491419  3.000000  0.013940  0.369757  0.616303  3.000000
  2.670321         *  2.089944  3.000000  0.006849  0.287407  0.705744  3.000000
  1.761232  2.834813  1.756161  3.000000  0.001892  0.918566  0.079542  2.000000
         *  0.220974  2.159690  3.000000  0.154477  0.350520  0.495002  3.000000
         *         *  0.226436  3.000000  0.512403  0.016893  0.470705  1.000000
 -0.471933         *         *  3.000000  0.936498  0.059328  0.004174  1.000000
  2.502694 -0.452501  3.012710  3.000000  0.005859  0.354849  0.639292  3.000000
  0.570432  1.926087  2.835899  3.000000  0.005796  0.984431  0.009773  2.000000
  3.063265  0.678290  0.834182  3.000000  0.005969  0.021764  0.972267  3.000000
  1.969833  0.050866  2.986893  3.000000  0.008977  0.683301  0.307722  2.000000
  0.706844         *         *  3.000000  0.532570  0.373064  0.094366  1.000000
         * -0.392993  2.200169  3.000000  0.226025  0.216936  0.557039  3.000000
         *  0.348569  1.736226  3.000000  0.217045  0.231362  0.551593  3.000000
  1.438359  1.490538  3.801835  3.000000  0.000466  0.982473  0.017061  2.000000
         *         *  2.153572  3.000000  0.134440  0.468340  0.397221  2.000000
  2.349266         *         *  3.000000  0.042939  0.252486  0.704576  3.000000
 -0.534797  1.716894  3.814892  3.000000  0.012178  0.986525  0.001297  2.000000
         *  1.374758  0.947569  3.000000  0.216037  0.190318  0.593645  3.000000
  1.711738  1.642954  3.268578  3.000000  0.000696  0.962547  0.036756  2.000000
  1.943989  1.755223  3.366935  3.000000  0.000360  0.958209  0.041431  2.000000
  0.400903  1.111672  1.050088  3.000000  0.583515  0.314004  0.102481  1.000000
 -0.108200         *  3.263960  3.000000  0.093941  0.896411  0.009648  2.000000
  0.507862         *  1.807213  3.000000  0.375029  0.540512  0.084459  2.000000
  2.709388  1.775841  3.237204  3.000000  0.000204  0.850191  0.149605  2.000000
  0.839143  1.192096  2.965744  3.000000  0.009669  0.964698  0.025633  2.000000
  1.509805  0.510451  3.625300  3.000000  0.002879  0.934537  0.062585  2.000000
         *         *  2.369506  3.000000  0.099351  0.556300  0.344348  2.000000
         *  0.545363  1.020780  3.000000  0.326685  0.087028  0.586287  3.000000
  2.591556  3.184559  2.281836  3.000000  0.000135  0.908444  0.091421  2.000000
  2.687285  0.490250  2.924846  3.000000  0.001977  0.497481  0.500542  3.000000
         * -0.638382         *  3.000000  0.549495  0.051381  0.399124  1.000000
  1.534919 -0.213201  3.275364  3.000000  0.014880  0.807522  0.177598  2.000000
         * -0.762463         *  3.000000  0.565935  0.044031  0.390034  1.000000
         * -0.412159         *  3.000000  0.517241  0.067913  0.414846  1.000000
  1.707044  1.962594  3.532453  3.000000  0.000243  0.980186  0.019571  2.000000
  2.952003 -0.439596         *  3.000000  0.016576  0.034501  0.948922  3.000000
         *  0.765979  3.074832  3.000000  0.020896  0.796541  0.182563  2.000000
  2.654527  0.574396  1.857993  3.000000  0.007251  0.201581  0.791169  3.000000
  3.268785  1.196748  1.330304  3.000000  0.001980  0.062508  0.935513  3.000000
         * -1.123576  1.503567  3.000000  0.456494  0.030412  0.513094  3.000000
 -0.247465  0.547394         *  3.000000  0.887732  0.101787  0.010481  1.000000
  1.874465  2.151023  2.622423  3.000000  0.000872  0.941067  0.058062  2.000000
  1.336598         *  1.531188  3.000000  0.166828  0.483120  0.350052  2.000000
         *  0.364362         *  3.000000  0.384017  0.168536  0.447447  3.000000
         *  0.082536  2.075427  3.000000  0.187684  0.283924  0.528392  3.000000
 -0.354335  2.212111         *  3.000000  0.390718  0.600406  0.008876  2.000000
         *         *  1.087171  3.000000  0.363282  0.105518  0.531200  3.000000
  1.180914  0.868893  1.489446  3.000000  0.146181  0.561275  0.292544  2.000000
         * -0.513384         *  3.000000  0.532044  0.059972  0.407984  1.000000
  2.602741  0.354276  2.216101  3.000000  0.006518  0.273860  0.719622  3.000000
         *  1.347820         *  3.000000  0.191104  0.424171  0.384724  2.000000
  1.552357  1.497457  1.031790  3.000000  0.075113  0.461721  0.463166  3.000000
  0.786624  3.569581         *  3.000000  0.005272  0.983664  0.011064  2.000000
  0.912328         *         *  3.000000  0.432424  0.427268  0.140308  1.000000
  1.719646  0.216988  4.826739  3.000000  0.000419  0.954312  0.045270  2.000000
         *         *  1.988697  3.000000  0.165701  0.399195  0.435104  3.000000
  1.117557  1.451154  1.901207  3.000000  0.035480  0.855000  0.109520  2.000000
  2.163408  2.046758  4.318895  3.000000  0.000030  0.982097  0.017873  2.000000
         *  0.913110  2.280904  3.000000  0.066050  0.599768  0.334183  2.000000
  2.213906  1.998291  2.871028  3.000000  0.000467  0.915988  0.083545  2.000000
         * -1.700370  3.178259  3.000000  0.187269  0.214052  0.598679  3.000000
         *         *  2.056019  3.000000  0.152512  0.427425  0.420064  2.000000
         *  0.553226         *  3.000000  0.347188  0.206351  0.446460  3.000000
  1.348276         *         *  3.000000  0.247926  0.472112  0.279963  2.000000
         *  0.903398         *  3.000000  0.277021  0.291824  0.431155  3.000000
  2.419792  0.371045  2.365756  3.000000  0.007592  0.394514  0.597894  3.000000
 -0.805800         *         *  3.000000  0.971299  0.027273  0.001428  1.000000
  1.495229         *  3.233414  3.000000  0.006337  0.918982  0.074681  2.000000
  0.992106         *         *  3.000000  0.394999  0.443384  0.161617  2.000000
